{
  "height": 48,
  "width": 332,
  "x": 775.15625,
  "y": 1362.296875
}